%YAML:1.0

camera:
  intrinsics:
    fx: 718.856   #  7.188560000000e+02
    fy: 718.856   #  7.188560000000e+02
    cx: 607.1928  #  6.071928000000e+02
    cy: 185.2157  #  1.852157000000e+02
    # KITTI get P0 values from calib.txt
    #  fx = P0.values[0]
    #  fy = P0.values[5]
    #  cx = P0.values[2]
    #  cy = P0.values[6]

optimization:
  use_clahe: 1
